1.000000000000000000e+01 6.186566492458433436e-27
1.020899999999999963e+01 6.277436356019746986e-27
1.042300000000000004e+01 6.370874800805037851e-27
1.064100000000000001e+01 6.469221698711739043e-27
1.086400000000000077e+01 6.570977889682428498e-27
1.109099999999999930e+01 6.678029731955719504e-27
1.132399999999999984e+01 6.789693486968138557e-27
1.156099999999999994e+01 6.907447082538078902e-27
1.180300000000000082e+01 7.030623100254197913e-27
1.205000000000000071e+01 7.160902496710703300e-27
1.230199999999999960e+01 7.297866815849112908e-27
1.255899999999999928e+01 7.443098177750708538e-27
1.282199999999999918e+01 7.596613856919343512e-27
1.309099999999999930e+01 7.759889847457537095e-27
1.336500000000000021e+01 7.932673070022096582e-27
1.364499999999999957e+01 8.116775411858895278e-27
1.392999999999999972e+01 8.312149794222845636e-27
1.422199999999999953e+01 8.520827301409759278e-27
1.451999999999999957e+01 8.742759825673493681e-27
1.482300000000000040e+01 8.979509132174912026e-27
1.513400000000000034e+01 9.232110313418658371e-27
1.545100000000000051e+01 9.501703732977804866e-27
1.577399999999999913e+01 9.789071259004920193e-27
1.610399999999999920e+01 1.009590467264685311e-26
1.644099999999999895e+01 1.042318055424143496e-26
1.678500000000000014e+01 1.077227619384161805e-26
1.713700000000000045e+01 1.114467249620055835e-26
1.749599999999999866e+01 1.154164103745535518e-26
1.786199999999999832e+01 1.196416123409772144e-26
1.823600000000000065e+01 1.241420986771105249e-26
1.861700000000000088e+01 1.289276690622870044e-26
1.900700000000000145e+01 1.340169912669334200e-26
1.940500000000000114e+01 1.394218598593731466e-26
1.981099999999999994e+01 1.451580438742226224e-26
2.022599999999999909e+01 1.512411873904528384e-26
2.064900000000000091e+01 1.576831675696724680e-26
2.108200000000000074e+01 1.645034344296513329e-26
2.152299999999999969e+01 1.717110515463991762e-26
2.197400000000000020e+01 1.793224087246078807e-26
2.243299999999999983e+01 1.873606607047484126e-26
2.290299999999999869e+01 1.958198933474570536e-26
2.338299999999999912e+01 2.047380333083008853e-26
2.387199999999999989e+01 2.141030885233973421e-26
2.437199999999999989e+01 2.239482506900832954e-26
2.488200000000000145e+01 2.342815264405730735e-26
2.540299999999999869e+01 2.451143342476161366e-26
2.593499999999999872e+01 2.564463823864735668e-26
2.647700000000000031e+01 2.683057555587088322e-26
2.703200000000000003e+01 2.806970770059996968e-26
2.759799999999999898e+01 2.936367827941389534e-26
2.817500000000000071e+01 3.071146163275439204e-26
2.876500000000000057e+01 3.211534616732820330e-26
2.936700000000000088e+01 3.357614317451151757e-26
2.998199999999999932e+01 3.509397815154809407e-26
3.060999999999999943e+01 3.666981932730103566e-26
3.125000000000000000e+01 3.830448563463204435e-26
3.190399999999999991e+01 3.999824929212443887e-26
3.257200000000000273e+01 4.175107673285197886e-26
3.325399999999999778e+01 4.356293540165083565e-26
3.395000000000000284e+01 4.543579373890024374e-26
3.466100000000000136e+01 4.736876384228711162e-26
3.538700000000000045e+01 4.936181168074538710e-26
3.612700000000000244e+01 5.141476450713928399e-26
3.688400000000000034e+01 5.352800960398032917e-26
3.765599999999999881e+01 5.570123362436994759e-26
3.844400000000000261e+01 5.793454209758594630e-26
3.924900000000000233e+01 6.022803593467113602e-26
4.007000000000000028e+01 6.258054615805771685e-26
4.090899999999999892e+01 6.499230435849106083e-26
4.176500000000000057e+01 6.746214236493087732e-26
4.264000000000000057e+01 6.999028443185544169e-26
4.353199999999999648e+01 7.257643600309556900e-26
4.444400000000000261e+01 7.521994421887893564e-26
4.537400000000000233e+01 7.792051813560451093e-26
4.632399999999999807e+01 8.067637199542808148e-26
4.729399999999999693e+01 8.348846662934438858e-26
4.828399999999999892e+01 8.635576406264871800e-26
4.929399999999999693e+01 8.927722749399806801e-26
5.032600000000000051e+01 9.225305809226121021e-26
5.138000000000000256e+01 9.528221402221212268e-26
5.245499999999999829e+01 9.836553873361415520e-26
5.355299999999999727e+01 1.015002260562874379e-25
5.467399999999999949e+01 1.046882343008183173e-25
5.581900000000000261e+01 1.079276354846152381e-25
5.698700000000000188e+01 1.112182756974409063e-25
5.817999999999999972e+01 1.145643372987894970e-25
5.939800000000000324e+01 1.179577767961469131e-25
6.064099999999999824e+01 1.214025520267809779e-25
6.191100000000000136e+01 1.248988356491787363e-25
6.320700000000000074e+01 1.284464758346930516e-25
6.453000000000000114e+01 1.320455356448892959e-25
6.588100000000000023e+01 1.356860751383992644e-25
6.726000000000000512e+01 1.393880490359151875e-25
6.866800000000000637e+01 1.431415148210039818e-25
7.010500000000000398e+01 1.469564268457461250e-25
7.157299999999999329e+01 1.508129394540080120e-25
7.307099999999999795e+01 1.547209053914250215e-25
7.460099999999999909e+01 1.586904747070047829e-25
7.616200000000000614e+01 1.627115020788166295e-25
7.775700000000000500e+01 1.667942286946333497e-25
7.938400000000000034e+01 1.706884139858538355e-25
8.104600000000000648e+01 1.743842932632949290e-25
8.274299999999999500e+01 1.780518146895091000e-25
8.447499999999999432e+01 1.818009280072096890e-25
8.624299999999999500e+01 1.857116749637175277e-25
8.804900000000000659e+01 1.897941846238646790e-25
8.989199999999999591e+01 1.940383144390677191e-25
9.177299999999999613e+01 1.984241025260350281e-25
9.369499999999999318e+01 2.029417585089649644e-25
9.565600000000000591e+01 2.075610534393306484e-25
9.765800000000000125e+01 2.122721071821432885e-25
9.970300000000000296e+01 2.170850341844601942e-25
1.017900000000000063e+02 2.201896938537027303e-25
1.039200000000000017e+02 2.251061155789197152e-25
1.060999999999999943e+02 2.301048163226214946e-25
1.083199999999999932e+02 2.351849191345555192e-25
1.105799999999999983e+02 2.403363811339694997e-25
1.129000000000000057e+02 2.455707420478369132e-25
1.152600000000000051e+02 2.508763482167479352e-25
1.176800000000000068e+02 2.562647103240597845e-25
1.201400000000000006e+02 2.617242111383831623e-25
1.226500000000000057e+02 2.672655743626080123e-25
1.252199999999999989e+02 2.728894937949064010e-25
1.278400000000000034e+02 2.785951482382072742e-25
1.305200000000000102e+02 2.843832199047268807e-25
1.332500000000000000e+02 2.902429070564395979e-25
1.360399999999999920e+02 2.961948805039929912e-25
1.388899999999999864e+02 3.022190702789772136e-25
1.418000000000000114e+02 3.083354085172134299e-25
1.447599999999999909e+02 3.145231312776453244e-25
1.477899999999999920e+02 3.207935782919876843e-25
1.508899999999999864e+02 3.271766662169218129e-25
1.540500000000000114e+02 3.336016373204113304e-25
1.572700000000000102e+02 3.401084339577427649e-25
1.605600000000000023e+02 3.466976632824950895e-25
1.639199999999999875e+02 3.533592509106375664e-25
1.673600000000000136e+02 3.600937740295423578e-25
1.708600000000000136e+02 3.669098573881378589e-25
1.744399999999999977e+02 3.737887253256615769e-25
1.780900000000000034e+02 3.807496631280118065e-25
1.818199999999999932e+02 3.877732304563350525e-25
1.856200000000000045e+02 3.948687302744333992e-25
1.895099999999999909e+02 4.020273239524190357e-25
1.934699999999999989e+02 4.092477089370553623e-25
1.975200000000000102e+02 4.165410259179882947e-25
2.016599999999999966e+02 4.238871851861135290e-25
2.058799999999999955e+02 4.312955142503960867e-25
2.101899999999999977e+02 4.387565261424939890e-25
2.145900000000000034e+02 4.462701387718991119e-25
2.190800000000000125e+02 4.538462725636224229e-25
2.236699999999999875e+02 4.614654120813135119e-25
2.283499999999999943e+02 4.691269094123328665e-25
2.331299999999999955e+02 4.768412426012610986e-25
2.380099999999999909e+02 4.845983248821989376e-25
2.429900000000000091e+02 4.923980721445593908e-25
2.480800000000000125e+02 5.002309362052215196e-25
2.532700000000000102e+02 5.080962938216843233e-25
2.585699999999999932e+02 5.160045911325181620e-25
2.639900000000000091e+02 5.239362552210314952e-25
2.695099999999999909e+02 5.319001596153108380e-25
2.751499999999999773e+02 5.398872486628244917e-25
2.809100000000000250e+02 5.478974249531236173e-25
2.867900000000000205e+02 5.559305940233523273e-25
2.928000000000000114e+02 5.639871552146157703e-25
2.989300000000000068e+02 5.720565187921443337e-25
3.051899999999999977e+02 5.801590798379655484e-25
3.115699999999999932e+02 5.882542646023890353e-25
3.181000000000000227e+02 5.963534058698423472e-25
3.247500000000000000e+02 6.044649840947712637e-25
3.315500000000000114e+02 6.125903088088868151e-25
3.384900000000000091e+02 6.207088087860485720e-25
3.455799999999999841e+02 6.288408387434385057e-25
3.528100000000000023e+02 6.369658434075182466e-25
3.601999999999999886e+02 6.450946170158410210e-25
3.677400000000000091e+02 6.532166061508521093e-25
3.754399999999999977e+02 6.613321459521816535e-25
3.833000000000000114e+02 6.694411277536091458e-25
3.913199999999999932e+02 6.775334462301787748e-25
3.995099999999999909e+02 6.856294195962488057e-25
4.078700000000000045e+02 6.936989360455826896e-25
4.164100000000000250e+02 7.017622988533290262e-25
4.251299999999999955e+02 7.098193903077841870e-25
4.340299999999999727e+02 7.178500962839644630e-25
4.431100000000000136e+02 7.258643061810653117e-25
4.523899999999999864e+02 7.338627027288502776e-25
4.618600000000000136e+02 7.418347669125869745e-25
4.715299999999999727e+02 7.498007733502173027e-25
4.813999999999999773e+02 7.577306014002794204e-25
4.914800000000000182e+02 7.656445130448382531e-25
5.017599999999999909e+02 7.733220083081821904e-25
5.122699999999999818e+02 7.805540910447199452e-25
5.229900000000000091e+02 7.877198861963613576e-25
5.339400000000000546e+02 7.948300072654078169e-25
5.451200000000000045e+02 8.018843218685747765e-25
5.565299999999999727e+02 8.088827016650314062e-25
5.681799999999999500e+02 8.158153746868867607e-25
5.800700000000000500e+02 8.227022095753866437e-25
5.922100000000000364e+02 8.295334242092002070e-25
6.046100000000000136e+02 8.363092262325152083e-25
6.172699999999999818e+02 8.430394752524474660e-25
6.301900000000000546e+02 8.497340351683368403e-25
6.433799999999999955e+02 8.563731052623777257e-25
6.568500000000000227e+02 8.629768753116442051e-25
6.706000000000000227e+02 8.695352014928822747e-25
6.846399999999999864e+02 8.760682654366081307e-25
6.989700000000000273e+02 8.825559221613172503e-25
7.136000000000000227e+02 8.890283456108660841e-25
7.285399999999999636e+02 8.954657011664981285e-25
7.437899999999999636e+02 9.018778379023740602e-25
7.593600000000000136e+02 9.082649143662363049e-25
7.752599999999999909e+02 9.146470811058243980e-25
7.914800000000000182e+02 9.210038837580904015e-25
8.080499999999999545e+02 9.272860670672023061e-25
8.249700000000000273e+02 9.335834663869222934e-25
8.422400000000000091e+02 9.398759220799553935e-25
8.598700000000000045e+02 9.461735658920305543e-25
8.778700000000000045e+02 9.524765225993867613e-25
8.962400000000000091e+02 9.587946296440531597e-25
9.150099999999999909e+02 9.650985625876180069e-25
9.341599999999999682e+02 9.714175934336158390e-25
9.537100000000000364e+02 9.777421102413193983e-25
9.736799999999999500e+02 9.840824835990289815e-25
9.940599999999999454e+02 9.904382678430556065e-25
1.014899999999999977e+03 9.978506158249192072e-25
1.036099999999999909e+03 1.004246716859230766e-24
1.057799999999999955e+03 1.010650072283329216e-24
1.079900000000000091e+03 1.017077903931103097e-24
1.102599999999999909e+03 1.023525134753945669e-24
1.125599999999999909e+03 1.029993965321849804e-24
1.149200000000000045e+03 1.036491781009390013e-24
1.173299999999999955e+03 1.043005854230869779e-24
1.197799999999999955e+03 1.049553566139722111e-24
1.222900000000000091e+03 1.056129609993204128e-24
1.248500000000000000e+03 1.062761353349571800e-24
1.274599999999999909e+03 1.069378621816881323e-24
1.301299999999999955e+03 1.076003575190525141e-24
1.328500000000000000e+03 1.082733673608032084e-24
1.356400000000000091e+03 1.089473321630463363e-24
1.384700000000000045e+03 1.096315454427334672e-24
1.413700000000000045e+03 1.103066698851676828e-24
1.443299999999999955e+03 1.109924564971953400e-24
1.473500000000000000e+03 1.116888850142042509e-24
1.504400000000000091e+03 1.123861523778890720e-24
1.535900000000000091e+03 1.130940185442105185e-24
1.568000000000000000e+03 1.138024651870686456e-24
1.600900000000000091e+03 1.145218944691657229e-24
1.634400000000000091e+03 1.152418607131265887e-24
1.668599999999999909e+03 1.159725531365651089e-24
1.703500000000000000e+03 1.167039495293209127e-24
1.739200000000000045e+03 1.174562297941020185e-24
1.775599999999999909e+03 1.181491675149973639e-24
1.812700000000000045e+03 1.189327425797284417e-24
1.850700000000000045e+03 1.196973260525188836e-24
1.889400000000000091e+03 1.204925005487429789e-24
1.929000000000000000e+03 1.212786305246963836e-24
1.969400000000000091e+03 1.220954974301997336e-24
2.010599999999999909e+03 1.229130787069039030e-24
2.052699999999999818e+03 1.237415379164247765e-24
2.095599999999999909e+03 1.245906646964511737e-24
2.139500000000000000e+03 1.254508018692399345e-24
2.184300000000000182e+03 1.263317387693485749e-24
2.230000000000000000e+03 1.272234509207894293e-24
2.276699999999999818e+03 1.281360906643993618e-24
2.324400000000000091e+03 1.290796296082561085e-24
2.373000000000000000e+03 1.300338677812572048e-24
2.422699999999999818e+03 1.310191251399975519e-24
2.473400000000000091e+03 1.320152015862167777e-24
2.525199999999999818e+03 1.330522392276775562e-24
2.578099999999999909e+03 1.341002086423771403e-24
2.632000000000000000e+03 1.351889175687763078e-24
2.687099999999999909e+03 1.362986675063806482e-24
2.743400000000000091e+03 1.374494266023603579e-24
2.800800000000000182e+03 1.386310052319423968e-24
2.859400000000000091e+03 1.398435354216812858e-24
2.919300000000000182e+03 1.411071435413258685e-24
2.980400000000000091e+03 1.424016427221583713e-24
3.042800000000000182e+03 1.437371579871017621e-24
3.106500000000000000e+03 1.451236582427421207e-24
3.171500000000000000e+03 1.465611133500326673e-24
3.237900000000000091e+03 1.480496417292941737e-24
3.305699999999999818e+03 1.495892105376999386e-24
3.374900000000000091e+03 1.511897879328274985e-24
3.445500000000000000e+03 1.528513430552513930e-24
3.517599999999999909e+03 1.545739876416314777e-24
3.591300000000000182e+03 1.563678285412203515e-24
3.666500000000000000e+03 1.582426903959175697e-24
3.743199999999999818e+03 1.601885419591857547e-24
3.821599999999999909e+03 1.622156247350444669e-24
3.901599999999999909e+03 1.643437665536712984e-24
3.983199999999999818e+03 1.665529350117392902e-24
4.066599999999999909e+03 1.688633621770979008e-24
4.151699999999999818e+03 1.712848791636772373e-24
4.238699999999999818e+03 1.738177106854433565e-24
4.327399999999999636e+03 1.764615610983271201e-24
4.418000000000000000e+03 1.797766519955339203e-24
4.510500000000000000e+03 1.827629454178431446e-24
4.604899999999999636e+03 1.859104045662532074e-24
4.701300000000000182e+03 1.892191162923246742e-24
4.799699999999999818e+03 1.927090422705788058e-24
4.900100000000000364e+03 1.963701453547239282e-24
5.002699999999999818e+03 2.002326270832449912e-24
5.107399999999999636e+03 2.043063277270897634e-24
5.214399999999999636e+03 2.086114426562242092e-24
5.323500000000000000e+03 2.131476983107012478e-24
5.435000000000000000e+03 2.179554016353993930e-24
5.548699999999999818e+03 2.230442827796068587e-24
5.664899999999999636e+03 2.284446405504979392e-24
5.783500000000000000e+03 2.341863192968362955e-24
5.904500000000000000e+03 2.402892785972193487e-24
6.028100000000000364e+03 2.467936956776906362e-24
6.154300000000000182e+03 2.537395259367452011e-24
6.283199999999999818e+03 2.611768321058777611e-24
6.414699999999999818e+03 2.691454641246073704e-24
6.549000000000000000e+03 2.776855890365490914e-24
6.686100000000000364e+03 2.868671611593730363e-24
6.826000000000000000e+03 2.967401362122049249e-24
6.968899999999999636e+03 3.073746725391600703e-24
7.114800000000000182e+03 3.187607223692512107e-24
7.263699999999999818e+03 3.311582393904337372e-24
7.415800000000000182e+03 3.446073738147955914e-24
7.571000000000000000e+03 3.592079796027736424e-24
7.729500000000000000e+03 3.751202028388403229e-24
7.891300000000000182e+03 3.924839940322661140e-24
8.056500000000000000e+03 4.114993987980482831e-24
8.225100000000000364e+03 4.323663677656647410e-24
8.397299999999999272e+03 4.553250364268484767e-24
8.573100000000000364e+03 4.806253527727008373e-24
8.752600000000000364e+03 5.085673561748126567e-24
8.935799999999999272e+03 5.395009950069638860e-24
9.122799999999999272e+03 5.737963071853114643e-24
9.313799999999999272e+03 6.079534156101311626e-24
9.508799999999999272e+03 6.500722653167828915e-24
9.707799999999999272e+03 6.974828030221315056e-24
9.911000000000000000e+03 7.507651458500062274e-24
1.011900000000000000e+04 8.109297396187552123e-24
1.033000000000000000e+04 8.790550276821966246e-24
1.054700000000000000e+04 9.563834428699896299e-24
1.076700000000000000e+04 1.044432460736558192e-23
1.099300000000000000e+04 1.144814466596382706e-23
1.122300000000000000e+04 1.259797783018827856e-23
1.145800000000000000e+04 1.391383154694560445e-23
1.169800000000000000e+04 1.542270518726767811e-23
1.194300000000000000e+04 1.714859814123735221e-23
1.219300000000000000e+04 1.913350981767170347e-23
1.244800000000000000e+04 2.140843964377618818e-23
1.270800000000000000e+04 2.401138706477444409e-23
1.297400000000000000e+04 2.697835891845224090e-23
1.324600000000000000e+04 3.036935445736968741e-23
1.352300000000000000e+04 3.417936573241374912e-23
1.380600000000000000e+04 3.846039941188094614e-23
1.409500000000000000e+04 4.320045481051649184e-23
1.439000000000000000e+04 4.839353126385026862e-23
1.469200000000000000e+04 5.398763505818755922e-23
1.499900000000000000e+04 5.990575163756951524e-23
1.531300000000000000e+04 6.595989418847707317e-23
1.563400000000000000e+04 7.195606191629097495e-23
1.596100000000000000e+04 8.274524740077702116e-23
1.629500000000000000e+04 8.996645667976311656e-23
1.663600000000000000e+04 9.679968902553185822e-23
1.698400000000000000e+04 1.029889437326002735e-22
1.734000000000000000e+04 1.083312264965921588e-22
1.770300000000000000e+04 1.127835301446985385e-22
1.807400000000000000e+04 1.160258602863633154e-22
1.845200000000000000e+04 1.181982099262707788e-22
1.883800000000000000e+04 1.193805845888153366e-22
1.923200000000000000e+04 1.197029835089743742e-22
1.963500000000000000e+04 1.193354119401339448e-22
2.004600000000000000e+04 1.184378630456050150e-22
2.046600000000000000e+04 1.171603420036640237e-22
2.089400000000000000e+04 1.156628421501560145e-22
2.133200000000000000e+04 1.140553743406082783e-22
2.177800000000000000e+04 1.124279262091505452e-22
2.223400000000000000e+04 1.108605084218761948e-22
2.269900000000000000e+04 1.094031144747452939e-22
2.317500000000000000e+04 1.081157546753441670e-22
2.366000000000000000e+04 1.070184170551226961e-22
2.415500000000000000e+04 1.061511063407202336e-22
2.466100000000000000e+04 1.055038270587235297e-22
2.517700000000000000e+04 1.051065729528429052e-22
2.570400000000000000e+04 1.049693484928246487e-22
2.624200000000000000e+04 1.050921527718022929e-22
2.679100000000000000e+04 1.054749849107021592e-22
2.735200000000000000e+04 1.062078491370426718e-22
2.792500000000000000e+04 1.071307444689116356e-22
2.850900000000000000e+04 1.082736649789489043e-22
2.910600000000000000e+04 1.096466197455044452e-22
2.971500000000000000e+04 1.113796028471638395e-22
3.033700000000000000e+04 1.133726182404751563e-22
3.097200000000000000e+04 1.155756649376467916e-22
3.162100000000000000e+04 1.179487467051704655e-22
3.228300000000000000e+04 1.205318577938755019e-22
3.295800000000000000e+04 1.233249973067118103e-22
3.364800000000000000e+04 1.262381735343106273e-22
3.435300000000000000e+04 1.293713853534155665e-22
3.507200000000000000e+04 1.326846271887513069e-22
3.580600000000000000e+04 1.362279025616707412e-22
3.655600000000000000e+04 1.398512148401198230e-22
3.732100000000000000e+04 1.438145585461579441e-22
3.810200000000000000e+04 1.478579370222922767e-22
3.890000000000000000e+04 1.521713534644605461e-22
3.971400000000000000e+04 1.568148024954346084e-22
4.054500000000000000e+04 1.615782872906320758e-22
4.139400000000000000e+04 1.666918108854146495e-22
4.226000000000000000e+04 1.721853680062214442e-22
4.314500000000000000e+04 1.779089657167279908e-22
4.404800000000000000e+04 1.840425987722752929e-22
4.497000000000000000e+04 1.905262700532779933e-22
4.591200000000000000e+04 1.973899823110912218e-22
4.687300000000000000e+04 2.046637304113840168e-22
4.785400000000000000e+04 2.122775170980696824e-22
4.885600000000000000e+04 2.204313449916958196e-22
4.987800000000000000e+04 2.290652090700975975e-22
5.092300000000000000e+04 2.387391193953291197e-22
5.198900000000000000e+04 2.486230671831323476e-22
5.307700000000000000e+04 2.589270549339763903e-22
5.418800000000000000e+04 2.698310850346257647e-22
5.532200000000000000e+04 2.813651561898185385e-22
5.648000000000000000e+04 2.935292706790084693e-22
5.766300000000000000e+04 3.063934306752104596e-22
5.887000000000000000e+04 3.199976313234465317e-22
6.010200000000000000e+04 3.342818748070813750e-22
6.136000000000000000e+04 3.492861632076783478e-22
6.264500000000000000e+04 3.649804985079686336e-22
6.395600000000000000e+04 3.811048759511243469e-22
6.529500000000000000e+04 3.981193008237842064e-22
6.666200000000000000e+04 4.157337716751201239e-22
6.805700000000000000e+04 4.338782870987358685e-22
6.948200000000000000e+04 4.522728521059221932e-22
7.093600000000000000e+04 4.708174620256797261e-22
7.242100000000000000e+04 4.893421217282805019e-22
7.393700000000000000e+04 5.074768296911098244e-22
7.548500000000000000e+04 5.256215874959195001e-22
7.706500000000000000e+04 5.433463936181499782e-22
7.867800000000000000e+04 5.606012495752877262e-22
8.032500000000000000e+04 5.773461568076330745e-22
8.200700000000000000e+04 5.935111166806838535e-22
8.372300000000000000e+04 6.090661246807158587e-22
8.547600000000000000e+04 6.239311879570033860e-22
8.726500000000000000e+04 6.380263019748878959e-22
8.909200000000000000e+04 6.512114708120753242e-22
9.095700000000000000e+04 6.633566927919334692e-22
9.286100000000000000e+04 6.742719690462290511e-22
9.480500000000000000e+04 6.837573006437645910e-22
9.679000000000000000e+04 6.916626885924379941e-22
9.881600000000000000e+04 6.978081311687318522e-22
1.008800000000000000e+05 7.016236187672277282e-22
1.030000000000000000e+05 7.040691971349123493e-22
1.051500000000000000e+05 7.040247961287058114e-22
1.073500000000000000e+05 7.028404664049957523e-22
1.096000000000000000e+05 7.008062057851778357e-22
1.118900000000000000e+05 6.979719870383559244e-22
1.142400000000000000e+05 6.947678586014032001e-22
1.166300000000000000e+05 6.916237685053231037e-22
1.190700000000000000e+05 6.889297399263108447e-22
1.215600000000000000e+05 6.869857709845839606e-22
1.241100000000000000e+05 6.860318837068090303e-22
1.267100000000000000e+05 6.861980519895135688e-22
1.293600000000000000e+05 6.875542741328597181e-22
1.320700000000000000e+05 6.901005716103519979e-22
1.348300000000000000e+05 6.937769192370641681e-22
1.376500000000000000e+05 6.984833381278359744e-22
1.405300000000000000e+05 7.040898261058039705e-22
1.434800000000000000e+05 7.104764032405454971e-22
1.464800000000000000e+05 7.174530228963354848e-22
1.495500000000000000e+05 7.248797272278036818e-22
1.526800000000000000e+05 7.325864921417719118e-22
1.558700000000000000e+05 7.403833157867766759e-22
1.591300000000000000e+05 7.481302174331092405e-22
1.624700000000000000e+05 7.556672155429768336e-22
1.658700000000000000e+05 7.628742659019025210e-22
1.693400000000000000e+05 7.696613873311444665e-22
1.728800000000000000e+05 7.759885776597858016e-22
1.765000000000000000e+05 7.818558547840891128e-22
1.802000000000000000e+05 7.873232160502910079e-22
1.839700000000000000e+05 7.924706392943336567e-22
1.878200000000000000e+05 7.974281420108194034e-22
1.917500000000000000e+05 7.993357217715485515e-22
1.957700000000000000e+05 8.044333952129116002e-22
1.998600000000000000e+05 8.096311218794596680e-22
2.040500000000000000e+05 8.149089559522625579e-22
2.083200000000000000e+05 8.202068573264577486e-22
2.126800000000000000e+05 8.253848421661609573e-22
2.171300000000000000e+05 8.302429079213297702e-22
2.216800000000000000e+05 8.345310699669329051e-22
2.263200000000000000e+05 8.378993076953881855e-22
2.310600000000000000e+05 8.399576362751597921e-22
2.358900000000000000e+05 8.402460356285551483e-22
2.408300000000000000e+05 8.382445378418637518e-22
2.458700000000000000e+05 8.334431228250508023e-22
2.510200000000000000e+05 8.253118048217490253e-22
2.562700000000000000e+05 8.134105642675750197e-22
2.616400000000000000e+05 7.974094316549369921e-22
2.671200000000000000e+05 7.771983874244548990e-22
2.727100000000000000e+05 7.529174288749475662e-22
2.784200000000000000e+05 7.249565693156351304e-22
2.842400000000000000e+05 6.940057899606189942e-22
2.901900000000000000e+05 6.609551195630008044e-22
2.962700000000000000e+05 6.268045547945847550e-22
3.024700000000000000e+05 5.925740771467874298e-22
3.088000000000000000e+05 5.591636990824178827e-22
3.152700000000000000e+05 5.273334325275854903e-22
3.218700000000000000e+05 4.976232592614400249e-22
3.286000000000000000e+05 4.703831764353132312e-22
3.354800000000000000e+05 4.457632103095140053e-22
3.425100000000000000e+05 4.237933573195486618e-22
3.496800000000000000e+05 4.043735997956854877e-22
3.570000000000000000e+05 3.872939488888744173e-22
3.644700000000000000e+05 3.725544013440131837e-22
3.721000000000000000e+05 3.597049677843551954e-22
3.798900000000000000e+05 3.487756447297995032e-22
3.878400000000000000e+05 3.393564288067052052e-22
3.959600000000000000e+05 3.314173301022020790e-22
4.042500000000000000e+05 3.246483450376634208e-22
4.127100000000000000e+05 3.190294701440725317e-22
4.213500000000000000e+05 3.143107150080233457e-22
4.301700000000000000e+05 3.104220759742571272e-22
4.391700000000000000e+05 3.071935494998131185e-22
4.483700000000000000e+05 3.045051572565319719e-22
4.577500000000000000e+05 3.022368702991803962e-22
4.673300000000000000e+05 3.002687100085904645e-22
4.771200000000000000e+05 2.985006846894082960e-22
4.871000000000000000e+05 2.968027661337966970e-22
4.973000000000000000e+05 2.950649868468828749e-22
5.077100000000000000e+05 2.928673307816022720e-22
5.183400000000000000e+05 2.903698058549972500e-22
5.291900000000000000e+05 2.875224080663967268e-22
5.402700000000000000e+05 2.842351449749000344e-22
5.515800000000000000e+05 2.804480124716794943e-22
5.631200000000000000e+05 2.761210065744936794e-22
5.749100000000000000e+05 2.712641455992413505e-22
5.869500000000000000e+05 2.659474251259251763e-22
5.992300000000000000e+05 2.602708300090384282e-22
6.117800000000000000e+05 2.543943886745741229e-22
6.245800000000000000e+05 2.484980751566169270e-22
6.376600000000000000e+05 2.427819171466581676e-22
6.510100000000000000e+05 2.373858994825309593e-22
6.646300000000000000e+05 2.324400178867687992e-22
6.785500000000000000e+05 2.280442988356872123e-22
6.927500000000000000e+05 2.242387171699135193e-22
7.072500000000000000e+05 2.210132887010132329e-22
7.220600000000000000e+05 2.183480186568208333e-22
7.371700000000000000e+05 2.161728924161884681e-22
7.526000000000000000e+05 2.144379249857904034e-22
7.683600000000000000e+05 2.130531211214725890e-22
7.844400000000000000e+05 2.119384663457004953e-22
8.008600000000000000e+05 2.110339749132792130e-22
8.176300000000000000e+05 2.102396511503893643e-22
8.347400000000000000e+05 2.095054807461042059e-22
8.522200000000000000e+05 2.087614863627805548e-22
8.700600000000000000e+05 2.079476536239911985e-22
8.882700000000000000e+05 2.070139865335067799e-22
9.068700000000000000e+05 2.059204977141675488e-22
9.258500000000000000e+05 2.046471729985279900e-22
9.452300000000000000e+05 2.031840246969285047e-22
9.650200000000000000e+05 2.015210560043915891e-22
9.852200000000000000e+05 1.996782614563014550e-22
1.005800000000000000e+06 1.976856105963687978e-22
1.026900000000000000e+06 1.955732152784230483e-22
1.048400000000000000e+06 1.933809691290735748e-22
1.070300000000000000e+06 1.912488676161751200e-22
1.092700000000000000e+06 1.889169868321530374e-22
1.115600000000000000e+06 1.866053200656827902e-22
1.139000000000000000e+06 1.843238608026118722e-22
1.162800000000000000e+06 1.821025247075897336e-22
1.187200000000000000e+06 1.799314624885301856e-22
1.212000000000000000e+06 1.778105129577116065e-22
1.237400000000000000e+06 1.757198239897534723e-22
1.263300000000000000e+06 1.736693127968701203e-22
1.289700000000000000e+06 1.716289739849296229e-22
1.316700000000000000e+06 1.695888756663082842e-22
1.344300000000000000e+06 1.675190105358670623e-22
1.372400000000000000e+06 1.653992996721363313e-22
1.401200000000000000e+06 1.632198806013414340e-22
1.430500000000000000e+06 1.609406037139401567e-22
1.460400000000000000e+06 1.585415343570299818e-22
1.491000000000000000e+06 1.560127351763237222e-22
1.522200000000000000e+06 1.533241297448680357e-22
1.554100000000000000e+06 1.504657797161886550e-22
1.586600000000000000e+06 1.474276105093912122e-22
1.619800000000000000e+06 1.442096828004805054e-22
1.653700000000000000e+06 1.407919892731387489e-22
1.688400000000000000e+06 1.371845876256749098e-22
1.723700000000000000e+06 1.333973407391392653e-22
1.759800000000000000e+06 1.294403708874945101e-22
1.796600000000000000e+06 1.253436068564935607e-22
1.834200000000000000e+06 1.210971046041777039e-22
1.872600000000000000e+06 1.167608562077957472e-22
1.911800000000000000e+06 1.123548539855081571e-22
1.951800000000000000e+06 1.079190904923877913e-22
1.992700000000000000e+06 1.034936181789850089e-22
2.034400000000000000e+06 9.911036917648064342e-23
2.077000000000000000e+06 9.481639519128313191e-23
2.120500000000000000e+06 9.064068790810822137e-23
2.164900000000000000e+06 8.660923926606506629e-23
2.210200000000000000e+06 8.274004145426163328e-23
2.256500000000000000e+06 7.904714299350559232e-23
2.303700000000000000e+06 7.552847932482286285e-23
2.351900000000000000e+06 7.221009832239397032e-23
2.401100000000000000e+06 6.904899146241490486e-23
2.451400000000000000e+06 6.608620430917677511e-23
2.502700000000000000e+06 6.330267393599263011e-23
2.555100000000000000e+06 6.070244534220812153e-23
2.608600000000000000e+06 5.828250943084132464e-23
2.663200000000000000e+06 5.603885738465480396e-23
2.719000000000000000e+06 5.396553178631938299e-23
2.775900000000000000e+06 5.205547219267972124e-23
2.834000000000000000e+06 5.029872069760416397e-23
2.893300000000000000e+06 4.868626803476489618e-23
2.953900000000000000e+06 4.721215429114265407e-23
3.015700000000000000e+06 4.585832070337546846e-23
3.078800000000000000e+06 4.461780693747125126e-23
3.143300000000000000e+06 4.348465096789979518e-23
3.209100000000000000e+06 4.244779494427046198e-23
3.276300000000000000e+06 4.150027648220194032e-23
3.344900000000000000e+06 4.063408544943774660e-23
3.414900000000000000e+06 3.984721202747231334e-23
3.486400000000000000e+06 3.913269190048597714e-23
3.559300000000000000e+06 3.848446974367288127e-23
3.633800000000000000e+06 3.790262521495453741e-23
3.709900000000000000e+06 3.738514700034663026e-23
3.787600000000000000e+06 3.691302412946374740e-23
3.866900000000000000e+06 3.650324597008544000e-23
3.947800000000000000e+06 3.613580222216253141e-23
4.030400000000000000e+06 3.582472497551618889e-23
4.114800000000000000e+06 3.554704492573274004e-23
4.201000000000000000e+06 3.531875020214273007e-23
4.288900000000000000e+06 3.512278850679844844e-23
4.378700000000000000e+06 3.496723068486803193e-23
4.470300000000000000e+06 3.483502472532334472e-23
4.563900000000000000e+06 3.474023928513057715e-23
4.659400000000000000e+06 3.466582267610762566e-23
4.757000000000000000e+06 3.462384145359334504e-23
4.856600000000000000e+06 3.459724428619660828e-23
4.958200000000000000e+06 3.460101976940235575e-23
5.062000000000000000e+06 3.461623203135484976e-23
5.168000000000000000e+06 3.465586809559824821e-23
5.276200000000000000e+06 3.470691538479928952e-23
5.386600000000000000e+06 3.477836171395452505e-23
5.499400000000000000e+06 3.485926744304741846e-23
5.614500000000000000e+06 3.495458323960111357e-23
5.732000000000000000e+06 3.505133234130778864e-23
5.852000000000000000e+06 3.516253693914433773e-23
5.974500000000000000e+06 3.527518357116985793e-23
6.099600000000000000e+06 3.539629348065748981e-23
6.227300000000000000e+06 3.551585299466706692e-23
6.357600000000000000e+06 3.564084886739538365e-23
6.490700000000000000e+06 3.575833477987494101e-23
6.626600000000000000e+06 3.588029629754629442e-23
6.765300000000000000e+06 3.598871943365980952e-23
6.906900000000000000e+06 3.610262289515117555e-23
7.051500000000000000e+06 3.620402451611612837e-23
7.199100000000000000e+06 3.630390968017175830e-23
7.349800000000000000e+06 3.639229551407252554e-23
7.503700000000000000e+06 3.647719833025128613e-23
7.660700000000000000e+06 3.654757234060838429e-23
7.821100000000000000e+06 3.661449485476936342e-23
7.984800000000000000e+06 3.666691979327566808e-23
8.152000000000000000e+06 3.671389199672299421e-23
8.322600000000000000e+06 3.674536606462885308e-23
8.496800000000000000e+06 3.677238570335711023e-23
8.674700000000000000e+06 3.678396389542001365e-23
8.856300000000000000e+06 3.678108440562673954e-23
9.041700000000000000e+06 3.676875977797135355e-23
9.231000000000000000e+06 3.674000192034806495e-23
9.424200000000000000e+06 3.669279442299757103e-23
9.621500000000000000e+06 3.663317624508834806e-23
9.822900000000000000e+06 3.655213035475557154e-23
1.002900000000000000e+07 3.645180151446757580e-23
1.023800000000000000e+07 3.633268998398924472e-23
1.045300000000000000e+07 3.619060650955520407e-23
1.067200000000000000e+07 3.602199953178477988e-23
1.089500000000000000e+07 3.583285550891710065e-23
1.112300000000000000e+07 3.562041692986179591e-23
1.135600000000000000e+07 3.538366351930502119e-23
1.159400000000000000e+07 3.512457562087764871e-23
1.183600000000000000e+07 3.484388621761000970e-23
1.208400000000000000e+07 3.454407528412872969e-23
1.233700000000000000e+07 3.422387448676834349e-23
1.259500000000000000e+07 3.389126654699465403e-23
1.285900000000000000e+07 3.354847298056988602e-23
1.312800000000000000e+07 3.319423466575553472e-23
1.340300000000000000e+07 3.283976958177773179e-23
1.368300000000000000e+07 3.248382459096329574e-23
1.397000000000000000e+07 3.213084308275943615e-23
1.426200000000000000e+07 3.178734432705138167e-23
1.456100000000000000e+07 3.145276384473334711e-23
1.486600000000000000e+07 3.113285343763710574e-23
1.517700000000000000e+07 3.082659442791800588e-23
1.549500000000000000e+07 3.054018651837602291e-23
1.581900000000000000e+07 3.027239019404146111e-23
1.615000000000000000e+07 3.002440215275199778e-23
1.648800000000000000e+07 2.979819988211781620e-23
1.683300000000000000e+07 2.959376158317566382e-23
1.718600000000000000e+07 2.941127338201899385e-23
1.754500000000000000e+07 2.925129838440397529e-23
1.791300000000000000e+07 2.911043247500977775e-23
1.828800000000000000e+07 2.899024227342588427e-23
1.867100000000000000e+07 2.888890869156699944e-23
1.906100000000000000e+07 2.880521098968802648e-23
1.946000000000000000e+07 2.875552283429658234e-23
1.986800000000000000e+07 2.870981642797541196e-23
2.028400000000000000e+07 2.867987332245756023e-23
2.070800000000000000e+07 2.870267302714827840e-23
2.114200000000000000e+07 2.870857132624613417e-23
2.158400000000000000e+07 2.872816623493439190e-23
2.203600000000000000e+07 2.876180775104710822e-23
2.249700000000000000e+07 2.880828514835870202e-23
2.296800000000000000e+07 2.886675684549113928e-23
2.344900000000000000e+07 2.893819617799592376e-23
2.394000000000000000e+07 2.901957734060608663e-23
2.444100000000000000e+07 2.911287537250456666e-23
2.495300000000000000e+07 2.921523983989280218e-23
2.547500000000000000e+07 2.932847037809301454e-23
2.600800000000000000e+07 2.945471489156005847e-23
2.655300000000000000e+07 2.958711551752295415e-23
2.710900000000000000e+07 2.972747457701455279e-23
2.767600000000000000e+07 2.987676727898199065e-23
2.825600000000000000e+07 3.003429751944282118e-23
2.884700000000000000e+07 3.019970808310376930e-23
2.945100000000000000e+07 3.037229838974501602e-23
3.006700000000000000e+07 3.055287859298563515e-23
3.069700000000000000e+07 3.074073916706044916e-23
3.133900000000000000e+07 3.093553444663154376e-23
3.199500000000000000e+07 3.113655078080658686e-23
3.266500000000000000e+07 3.134475702121914725e-23
3.334900000000000000e+07 3.156012304426612802e-23
3.404700000000000000e+07 3.178061973386879206e-23
3.476000000000000000e+07 3.200836797613079009e-23
3.548800000000000000e+07 3.224133641546696305e-23
3.623000000000000000e+07 3.248034851846721832e-23
3.698900000000000000e+07 3.272581369492445406e-23
3.776300000000000000e+07 3.297740850483204905e-23
3.855400000000000000e+07 3.323339006516207430e-23
3.936100000000000000e+07 3.349558335109625086e-23
4.018500000000000000e+07 3.376309878498864582e-23
4.102600000000000000e+07 3.403590440381470280e-23
4.188500000000000000e+07 3.431410631415805912e-23
4.276100000000000000e+07 3.459753524040738290e-23
4.365700000000000000e+07 3.488556588142196167e-23
4.457000000000000000e+07 3.517875982693480795e-23
4.550300000000000000e+07 3.547748661023056950e-23
4.645600000000000000e+07 3.578170990560108266e-23
4.742800000000000000e+07 3.609026501644165361e-23
4.842100000000000000e+07 3.640337846413450814e-23
4.943500000000000000e+07 3.672201403762445573e-23
5.047000000000000000e+07 3.704413678107269183e-23
5.152600000000000000e+07 3.737271297144271984e-23
5.260500000000000000e+07 3.770395781101820312e-23
5.370600000000000000e+07 3.804171056965046352e-23
5.483000000000000000e+07 3.838205953094366656e-23
5.597800000000000000e+07 3.872808986775434735e-23
5.715000000000000000e+07 3.907776425194258769e-23
5.834600000000000000e+07 3.943304668796922193e-23
5.956800000000000000e+07 3.979213727699749284e-23
6.081400000000000000e+07 4.015576369857647187e-23
6.208700000000000000e+07 4.052223991177249144e-23
6.338700000000000000e+07 4.089452601949422805e-23
6.471400000000000000e+07 4.127058355960166384e-23
6.606900000000000000e+07 4.165148783521870420e-23
6.745200000000000000e+07 4.203620026429242096e-23
6.886400000000000000e+07 4.242579412031585072e-23
7.030500000000000000e+07 4.281823081369122814e-23
7.177700000000000000e+07 4.321669028879613365e-23
7.328000000000000000e+07 4.361813128372276921e-23
7.481400000000000000e+07 4.402551407162527698e-23
7.638000000000000000e+07 4.443590623760983485e-23
7.797900000000000000e+07 4.485137328767145459e-23
7.961100000000000000e+07 4.527087469682089908e-23
8.127700000000000000e+07 4.569447466835000410e-23
8.297900000000000000e+07 4.612333782536389833e-23
8.471600000000000000e+07 4.655731919000403918e-23
8.648900000000000000e+07 4.699448005974808504e-23
8.830000000000000000e+07 4.743697982313395191e-23
9.014800000000000000e+07 4.788367597933567036e-23
9.203500000000000000e+07 4.833572553122318186e-23
9.396200000000000000e+07 4.879218335533845334e-23
9.592900000000000000e+07 4.925400628595359870e-23
9.793700000000000000e+07 4.972124874710135164e-23
9.998700000000000000e+07 5.019296382519247271e-23
1.000000000000000000e+08 4.933855914324554553e-23
1.035186914259555340e+08 5.019646988810023776e-23
1.071611947454220057e+08 5.107027207491903388e-23
1.109318665168811381e+08 5.196030994528962455e-23
1.148352165926630795e+08 5.286693760761710382e-23
1.188759135128865838e+08 5.379051941969742181e-23
1.230587900891908556e+08 5.473143038924860595e-23
1.273888491849438399e+08 5.569005659331658947e-23
1.318712696988378763e+08 5.666679561751856490e-23
1.365114127590301633e+08 5.766205701613845547e-23
1.413148281352329254e+08 5.867626279414052476e-23
1.462872608764311671e+08 5.970984791222711908e-23
1.514346581821553707e+08 6.076326081612018634e-23
1.567631765155359507e+08 6.183696399131333593e-23
1.622791889666436613e+08 6.293143454460396389e-23
1.679892928749238253e+08 6.404716481378500362e-23
1.739003177198370993e+08 6.518466300694732036e-23
1.800193332891544402e+08 6.634445387292320811e-23
1.863536581346622407e+08 6.752707940447740760e-23
1.929108683254010975e+08 6.873309957594117847e-23
1.996988065089041889e+08 6.996309311707233317e-23
2.067255912912685275e+08 7.121765832501722752e-23
2.139996269472903013e+08 7.249741391635373495e-23
2.215296134722614288e+08 7.380299992129250287e-23
2.293245569874623418e+08 7.513507862222937565e-23
2.373937805117906928e+08 7.649433553895452862e-23
2.457469351124117970e+08 7.788148046294628459e-23
2.543940114477607608e+08 7.929724854330545524e-23
2.633453517167174518e+08 8.074240142702419347e-23
2.726116620282260776e+08 8.221772845641959444e-23
2.822040252061681151e+08 8.372404792671878844e-23
2.921339140448001623e+08 8.526220840693616430e-23
3.024132050306028724e+08 8.683309012734936550e-23
3.130541925469720364e+08 8.843760643706034010e-23
3.240696035787166953e+08 9.007670533530457877e-23
3.354726129339690804e+08 9.175137108037290800e-23
3.472768590017057061e+08 9.346262588021102725e-23
3.594964600637278557e+08 9.521153166897803432e-23
3.721460311806039214e+08 9.699919197407104306e-23
3.852407016717897058e+08 9.882675387836637157e-23
3.987961332108058929e+08 1.006954100826709185e-22
4.128285385571367741e+08 1.026064010736512942e-22
4.273547009472460151e+08 1.045610174027813633e-22
4.423919941678947210e+08 1.065606020821442239e-22
4.579584033357941508e+08 1.086065531032369978e-22
4.740725464084135890e+08 1.107003260852467324e-22
4.907536964516955614e+08 1.128434370596149742e-22
5.080218046913012266e+08 1.150374653980667731e-22
5.258975243749607801e+08 1.172840568916618173e-22
5.444022354744549990e+08 1.195849269888245020e-22
5.635580702568049431e+08 1.219418642007374515e-22
5.833879397552115917e+08 1.243567336829186992e-22
6.039155611714369059e+08 1.268314810022806846e-22
6.251654862423875332e+08 1.293681360994561426e-22
6.471631306048343182e+08 1.319688174566989581e-22
6.699348041933720112e+08 1.346357364822119161e-22
6.935077427080162764e+08 1.373712021223362723e-22
7.179101401890209913e+08 1.401776257136349427e-22
7.431711827379174232e+08 1.430575260875502604e-22
7.693210834250921011e+08 1.460135349409853095e-22
7.963911184256390333e+08 1.490484024868656086e-22
8.244136644267534018e+08 1.521650033994934771e-22
8.534222373513435125e+08 1.553663430702798591e-22
8.834515324442231655e+08 1.586555641902805992e-22
9.145374657688108683e+08 1.620359536768284072e-22
9.467172171639728546e+08 1.655109499624744235e-22
9.800292747123664618e+08 1.690841506654166795e-22
1.014513480773524761e+09 1.727593206616219915e-22
1.050211079636665940e+09 1.765404005799067083e-22
1.087164766850276232e+09 1.804315157423859135e-22
1.125418740287446499e+09 1.844369855738846658e-22
1.165018753008042574e+09 1.885613335051602388e-22
1.206012167980910540e+09 1.928092973961044984e-22
1.248448014731635332e+09 1.971858405064935720e-22
1.292377047983509541e+09 2.016961630433036002e-22
1.337851808361922741e+09 2.063457143151690174e-22
1.384926685234750509e+09 2.111402055261778906e-22
1.433657981763875961e+09 2.160856232429083973e-22
1.484103982245728493e+09 2.211882435704262114e-22
1.536325021821273804e+09 2.264546470748414782e-22
1.590383558638908386e+09 2.318917344920436293e-22
1.646344248556549072e+09 2.375067432643280281e-22
1.704274022472220421e+09 2.433072649488470210e-22
1.764242166375737906e+09 2.493012635441659925e-22
1.826320404217093468e+09 2.554970947836461267e-22
1.890582983690756798e+09 2.619035264469880428e-22
1.957106765038457870e+09 2.685297597439882608e-22
2.025971312976661921e+09 2.753854518274403239e-22
2.097258991858699083e+09 2.824807394951401913e-22
2.171055064185312748e+09 2.898262641441408740e-22
2.247447792581574917e+09 2.974331980437770190e-22
2.326528545361969471e+09 3.053132719974891453e-22
2.408391905810029507e+09 3.134788044672344834e-22
2.493135785303184509e+09 3.219427322381776870e-22
2.580861540418076515e+09 3.307186427054896913e-22
2.671674094156551361e+09 3.398208078694560251e-22
2.765682061437113285e+09 3.492642201296443841e-22
2.862997879002091408e+09 3.590646299737521497e-22
2.963737939895839214e+09 3.692385856618140955e-22
3.068022732674745560e+09 3.798034750118127582e-22
3.175976985515738487e+09 3.907775693983978050e-22
3.287729815395401955e+09 4.021800700823237376e-22
3.403414882518303871e+09 4.140311569945152152e-22
3.523170550179170132e+09 4.263520401052387866e-22
3.647140050250130177e+09 4.391650135158122629e-22
3.775471654490871906e+09 4.524935124175856940e-22
3.908318851886824131e+09 4.663621730706606904e-22
4.045840532227169514e+09 4.807968959628775985e-22
4.188201176142480850e+09 4.958249123181946346e-22
4.335571051829174995e+09 5.114748541325533799e-22
4.488126418696117401e+09 5.277768279248147083e-22
4.646049738176822662e+09 5.447624924003183500e-22
4.809529891959680557e+09 5.624651402351745785e-22
4.978762407896834373e+09 5.809197842004017644e-22
5.153949693862197876e+09 6.001632478567598672e-22
5.335301279838211060e+09 6.202342610633701208e-22
5.523034068520773888e+09 6.411735605561526110e-22
5.717372594742417336e+09 6.630239958657867919e-22
5.918549294023550987e+09 6.858306408591718074e-22
6.126804780573309898e+09 7.096409112035609322e-22
6.342388135072402954e+09 7.345046880684241544e-22
6.565557202582016945e+09 7.604744483968563155e-22
6.796578900935476303e+09 7.876054020960694131e-22
7.035729539980996132e+09 8.159556365150122115e-22
7.283295152057728767e+09 8.455862685968513369e-22
7.539571834100218773e+09 8.765616051146262403e-22
7.804866101780462265e+09 9.089493114201471192e-22
8.079495256111154556e+09 9.428205891590924206e-22
8.363787762948422432e+09 9.782503634293564228e-22
8.658083645848407745e+09 1.015317479885163112e-21
8.962734892746932983e+09 1.054104912316080187e-21
9.278105876949144363e+09 1.094699981258373293e-21
9.604573792932470322e+09 1.137194584225729778e-21
9.942529107483959198e+09 1.181685438177629822e-21
1.029237602671212959e+10 1.228274334876652954e-21
1.065453297949115372e+10 1.277068409820503355e-21
1.102943311791611290e+10 1.328180425471218052e-21
1.141752483536777496e+10 1.381729069542387024e-21
1.181927230280620575e+10 1.437839269145699595e-21
1.223515602393538475e+10 1.496642521640925700e-21
1.266567340990188217e+10 1.558277243078145490e-21
1.311133937421562958e+10 1.622889135168586002e-21
1.357268694860414314e+10 1.690631571770142371e-21
1.405026792053640556e+10 1.761666005926129241e-21
1.454465349318016243e+10 1.836162398551342569e-21
1.505643496857963562e+10 1.914299669917209578e-21
1.558622445487361717e+10 1.996266175149914363e-21
1.613465559839744186e+10 2.082260205019204334e-21
1.670238434154570770e+10 2.172490513364171368e-21
1.729008970730188751e+10 2.267176872573714779e-21
1.789847461137274170e+10 2.366550658614870900e-21
1.852826670289994049e+10 2.470855467181906836e-21
1.918021923475305557e+10 2.580347762622414211e-21
1.985511196444578552e+10 2.695297561385225837e-21
2.055375208675269699e+10 2.815989151827613980e-21
2.127697519914142227e+10 2.942721852317068757e-21
2.202564630117629623e+10 3.075810809666240722e-21
2.280066082908708191e+10 3.215587840047669598e-21
2.360294572674137115e+10 3.362402314649725725e-21
2.443346055430125809e+10 3.516622092455271754e-21
2.529319863588958359e+10 3.678634502651306549e-21
2.618318824764064026e+10 3.848847379311931810e-21
2.710449384755216980e+10 4.027690151136410627e-21
2.805821734861463547e+10 4.215614989174020429e-21
2.904549943673630524e+10 4.413098015621608480e-21
3.006752093504270935e+10 4.620640576945383149e-21
3.112550421618157196e+10 4.838770584750952498e-21
3.222071466432178497e+10 5.068043928007964410e-21
3.335446218859687424e+10 5.309045960428157816e-21
3.452810278980061340e+10 5.562393066997034915e-21
3.574304018221044159e+10 5.828734313873180137e-21
3.700072747247787476e+10 6.108753186093160535e-21
3.830266889759313202e+10 6.403169417756075539e-21
3.965042162400487518e+10 6.712740919611465978e-21
4.104559761004396057e+10 7.038265809235120307e-21
4.248986553388078308e+10 7.380584549254614545e-21
4.398495278932167053e+10 7.740582199376545757e-21
4.553264755183011627e+10 8.119190788273453626e-21
4.713480091724691772e+10 8.517391811712071240e-21
4.879332911576329803e+10 8.936218863642510005e-21
5.051021580379792786e+10 9.376760407327475765e-21
5.228751443651780701e+10 9.840162693966486998e-21
5.412735072384082794e+10 1.032763283666728600e-20
5.603192517285772705e+10 1.084044204803470827e-20
5.800351571971289062e+10 1.137992905008719821e-20
6.004448045409519958e+10 1.194750366567612709e-20
6.215726043959300232e+10 1.254465060106942197e-20
6.434438263328981018e+10 1.317293342987756849e-20
6.660846290809167480e+10 1.383399878904074298e-20
6.895220918139947510e+10 1.452958079816628704e-20
7.137842465387229919e+10 1.526150571410850395e-20
7.389001116215023804e+10 1.603169683331306507e-20
7.648997264955041504e+10 1.684217965511772858e-20
7.918141875888619995e+10 1.769508731990195940e-20
8.196756855170507812e+10 1.859266633671748169e-20
8.485175435839816284e+10 1.953728261581279799e-20
8.783742576377996826e+10 2.053142782228191967e-20
9.092815373291015625e+10 2.157772606793512524e-20
9.412763488209011841e+10 2.267894095939776777e-20
9.743969590014056396e+10 2.383798302140165860e-20
1.008682981252563782e+11 2.505791751524699327e-20
1.044175422828970337e+11 2.634197267346767213e-20
1.080916733903988342e+11 2.769354837286554013e-20
1.118950858341586609e+11 2.911622526924613909e-20
1.158323286254707947e+11 3.061377441844003483e-20
1.199081108413003693e+11 3.219016740949853576e-20
1.241273072564984741e+11 3.384958703733079429e-20
1.284949641742023773e+11 3.559643854350494504e-20
1.330163054613846741e+11 3.743536145545849310e-20
1.376967387967772522e+11 3.937124205597999550e-20
1.425418621386404114e+11 4.140922651651683940e-20
1.475574704201101074e+11 4.355473472965013603e-20
1.527495624801394043e+11 4.581347487796392099e-20
1.581243482383126831e+11 4.819145877850974924e-20
1.636882561221222534e+11 5.069501804416321495e-20
1.694479407555882263e+11 5.333082110536288547e-20
1.754102909184125977e+11 5.610589113803669135e-20
1.815824377852031860e+11 5.902762494596877358e-20
1.879717634545921936e+11 6.210381284840817359e-20
1.945859097784863586e+11 6.534265962645578292e-20
2.014327875019795227e+11 6.875280658458550657e-20
2.085205857248749390e+11 7.234335478667779979e-20
2.158577816961292419e+11 7.612388952909528121e-20
2.234531509529287720e+11 8.010450611665951081e-20
2.313157778165369568e+11 8.429583701090250624e-20
2.394550662574497986e+11 8.870908042364575891e-20
2.478807511428668518e+11 9.335603043286342000e-20
2.566029098799261475e+11 9.824910870187558086e-20
2.656319744686235352e+11 1.034013978872314870e-19
2.749787439788474121e+11 1.088266768251987214e-19
2.846543974664313354e+11 1.145394575915415155e-19
2.946705073436880493e+11 1.205550245343330131e-19
3.050390532204113159e+11 1.268894753848448736e-19
3.157724362318938599e+11 1.335597645571496324e-19
3.268834938711164551e+11 1.405837487529768617e-19
3.383855153428233032e+11 1.479802349945416404e-19
3.502922574578666992e+11 1.557690312146260799e-19
3.626179610868227539e+11 1.639709995400594070e-19
3.753773681925595703e+11 1.726081124119981966e-19
3.885857394621303101e+11 1.817035116940418619e-19
4.022588725590702515e+11 1.912815709272540703e-19
4.164131210179516602e+11 2.013679608996504916e-19
4.310654138037641602e+11 2.119897187065999350e-19
4.462332755595369873e+11 2.231753204880131437e-19
4.619348475664128418e+11 2.349547580380742560e-19
4.781889094412330322e+11 2.473596194936857347e-19
4.950149015976119995e+11 2.604231743188042777e-19
5.124329484973294067e+11 2.741804628133598064e-19
5.304638827198760986e+11 2.886683903876739629e-19
5.491292698789334717e+11 3.039258268560927821e-19
5.684514344155756836e+11 3.199937110170550215e-19
5.884534862990778809e+11 3.369151608010828921e-19
6.091593486672199707e+11 3.547355892831000488e-19
6.305937864391800537e+11 3.735028268713338787e-19
6.527824359352265625e+11 3.932672500016410963e-19
6.757518355386202393e+11 4.140819166836034648e-19
6.995294574364577637e+11 4.360027092632444601e-19
7.241437404773077393e+11 4.590884847864901862e-19
7.496241241850764160e+11 4.834012333681774758e-19
7.760010839696710205e+11 5.090062449927316727e-19
8.033061675766339111e+11 5.359722851954862581e-19
8.315720328193283691e+11 5.643717800974518894e-19
8.608324866387861328e+11 5.942810112915070535e-19
8.911225255379849854e+11 6.257803211045719249e-19
9.224783774388485107e+11 6.589543287881257961e-19
9.549375450120831299e+11 6.938921582189698066e-19
9.885388505316575928e+11 7.306876777230393945e-19
1.023322482307550293e+12 7.694397526676913398e-19
1.059330042752385742e+12 8.102525115023816442e-19
1.096604598139285156e+12 8.532356259635610984e-19
1.135190730110646240e+12 8.985046061981485251e-19
1.175134588999296631e+12 9.461811115996860440e-19
1.216483949025847656e+12 9.963932781938103405e-19
1.259288265438350586e+12 1.049276063454252170e-18
1.303598733662394043e+12 1.104971609477153214e-18
1.349468350532637695e+12 1.163629625491438288e-18
1.396951977678819092e+12 1.225407790734476926e-18
1.446106407142114014e+12 1.290472178777410693e-18
1.496990429300423340e+12 1.358997704442282772e-18
1.549664903183592529e+12 1.431168594513491219e-18
1.604192829262955566e+12 1.507178883510809676e-18
1.660639424802024902e+12 1.587232935857972081e-18
1.719072201858571045e+12 1.671545995852346742e-18
1.779561048031361084e+12 1.760344766915837419e-18
1.842178310048084961e+12 1.853868021685935770e-18
1.906998880294559570e+12 1.952367244589077394e-18
1.974100286388552490e+12 2.056107308625500588e-18
2.043562783905470215e+12 2.165367188187259035e-18
2.115469452366778809e+12 2.280440709827797235e-18
2.189906294605908447e+12 2.401637343003631861e-18
2.266962339630676270e+12 2.529283032916617102e-18
2.346729749104901855e+12 2.663721077697738285e-18
2.429303927577003906e+12 2.805313052293984820e-18
2.514783636587067383e+12 2.954439781544253527e-18
2.603271112788979004e+12 3.111502365063438091e-18
2.694872190229073242e+12 3.276923256693329244e-18
2.789696426927123535e+12 3.451147401424840686e-18
2.887857235911596680e+12 3.634643432852394179e-18
2.989472020865466797e+12 3.827904934382507658e-18
3.094662316544986816e+12 4.031451767591299806e-18
3.203553934139545410e+12 4.245831471306387317e-18
3.316277111745975098e+12 4.471620735177720782e-18
3.432966670137906738e+12 4.709426951704529131e-18
3.553762174015960449e+12 4.959889850894492495e-18
3.678808098931911133e+12 5.223683221955186964e-18
3.808254004086401855e+12 5.501516726651451571e-18
3.942254711206782715e+12 5.794137809208893853e-18
4.080970489719360352e+12 6.102333707904621376e-18
4.224567248436891602e+12 6.426933573757795795e-18
4.373216733991366211e+12 6.768810702023940601e-18
4.527096736248791992e+12 7.128884882497507504e-18
4.686391300951872070e+12 7.508124874948744192e-18
4.851290949845210938e+12 7.907551016358003320e-18
5.021992908545572266e+12 8.328237966962785747e-18
5.198701342430660156e+12 8.771317602510507501e-18
5.381627600827825195e+12 9.237982060499406053e-18
5.570990469794987305e+12 9.729486948606838991e-18
5.767016433796487305e+12 1.024715472394108221e-17
5.969939946585931641e+12 1.079237825220923875e-17
6.180003711621145508e+12 1.136662455638337910e-17
6.397458972345692383e+12 1.197143876495155813e-17
6.622565812684643555e+12 1.260844827038152323e-17
6.855593468113869141e+12 1.327936710898868171e-17
7.096820647674730469e+12 1.398600057399600331e-17
7.346535867319933594e+12 1.473025007420315861e-17
7.605037794988069336e+12 1.551411825133816279e-17
7.872635607820992188e+12 1.633971436986863537e-17
8.149649361950145508e+12 1.720925999377542298e-17
8.436410375294491211e+12 1.812509496556820605e-17
8.733261623828437500e+12 1.908968370363688588e-17
9.040558151792353516e+12 2.010562183488306206e-17
9.358667496337996094e+12 2.117564318048819715e-17
9.687970127115369141e+12 2.230262711361561886e-17
1.002885990132726953e+13 2.348960630885042004e-17
1.038174453479640820e+13 2.473977490423644280e-17
1.074704608960689648e+13 2.605649709787200334e-17
1.112520147890538477e+13 2.744331620220850714e-17
1.151666298946390820e+13 2.890396418041474342e-17
1.192189882263036914e+13 3.044237169047642355e-17
1.234139365431340820e+13 3.206267866406281996e-17
1.277564921467115430e+13 3.376924544863158025e-17
1.322518488819794531e+13 3.556666454276245797e-17
1.369053833492573438e+13 3.745977295630091234e-17
1.417226613348392188e+13 3.945366522858039597e-17
1.467094444678648047e+13 4.155370713976000202e-17
1.518716971114219531e+13 4.376555015217849214e-17
1.572155934961353711e+13 4.609514662059808793e-17
1.627475251047489844e+13 4.854876581226437626e-17
1.684741083165646289e+13 5.113301077991191795e-17
1.744021923208553516e+13 5.385483613311713036e-17
1.805388673087270312e+13 5.672156675583217106e-17
1.868914729532372266e+13 5.974091752048162011e-17
1.934676071878848047e+13 6.292101405166727300e-17
2.002751352940062500e+13 6.627041459538169405e-17
2.073221993079181250e+13 6.979813305257568962e-17
2.146172277590674219e+13 7.351366323907733972e-17
2.221689457508501172e+13 7.742700443716300838e-17
2.299863853961210938e+13 8.154868830753214928e-17
2.380788966199194531e+13 8.588980723413979773e-17
2.464561583422941016e+13 9.046204417815548547e-17
2.551281900546238281e+13 9.527770412140792807e-17
2.641053638032725000e+13 1.003497471839400209e-16
2.733984165949058203e+13 1.056918235048037657e-16
2.830184632383301172e+13 1.113183099799860427e-16
2.929770096381683984e+13 1.172443489563179307e-16
3.032859665563275391e+13 1.234858889855394317e-16
3.139576638576726953e+13 1.300597277481801886e-16
3.250048652569616016e+13 1.369835572627908419e-16
3.364407835846980469e+13 1.442760115022150305e-16
3.482790965901104688e+13 1.519567165450231886e-16
3.605339633002221094e+13 1.600463433971286874e-16
3.732200409545261719e+13 1.685666636257175577e-16
3.863525025355392969e+13 1.775406079552359850e-16
3.999470549162235938e+13 1.869923279831592912e-16
4.140199576459224219e+13 1.969472611816026293e-16
4.285880423973542969e+13 2.074321993597721975e-16
4.436687330978607031e+13 2.184753607714734489e-16
4.592800667690206250e+13 2.301064660617717248e-16
4.754407150995470312e+13 2.423568182572021805e-16
4.921700067772544531e+13 2.552593870148065566e-16
5.094879506068525781e+13 2.688488973567783304e-16
5.274152594411325000e+13 2.831619231294758972e-16
5.459733749542687500e+13 2.982369854384169335e-16
5.651844932867870312e+13 3.141146563241211143e-16
5.850715915928970312e+13 3.308376679578567367e-16
6.056584555219803906e+13 3.484510276512133296e-16
6.269697076670071094e+13 3.670021389889600762e-16
6.490308370140245312e+13 3.865409294113063332e-16
6.718682294278472656e+13 4.071199845888633959e-16
6.955091992104413281e+13 4.287946899519886983e-16
7.199820217697940625e+13 4.516233797554715718e-16
7.453159674382292188e+13 4.756674940796510233e-16
7.715413364807557812e+13 5.009917441906463256e-16
7.986894953352068750e+13 5.276642867046519922e-16
8.267929141275743750e+13 5.557569070250964136e-16
8.558852055073928125e+13 5.853452125463578154e-16
8.860011648496032812e+13 6.165088361440088912e-16
9.171768118710325000e+13 6.493316504993194111e-16
9.494494337111909375e+13 6.839019938347791436e-16
9.828576295289700000e+13 7.203129076682472017e-16
1.017441356668559844e+14 7.586623872255972485e-16
1.053241978449777812e+14 7.990536451858004799e-16
1.090302313640059062e+14 8.415953894683922076e-16
1.128666687667106719e+14 8.864021158107692298e-16
1.168380985633665625e+14 9.335944159230024071e-16
1.209492707197657188e+14 9.832993020493467907e-16
1.252051023383373594e+14 1.035650548810039095e-15
1.296106835391758125e+14 1.090789053243520034e-15
1.341712835479911719e+14 1.148863214017860392e-15
1.388923569982888281e+14 1.210029330832306615e-15
1.437795504552957500e+14 1.274452025083663493e-15
1.488387091694430625e+14 1.342304682929770124e-15
1.540758840674917812e+14 1.413769921942675598e-15
1.594973389896398125e+14 1.489040082607147445e-15
1.651095581812955000e+14 1.568317745987732368e-15
1.709192540484538125e+14 1.651816278957308472e-15
1.769333751859639375e+14 1.739760408454723662e-15
1.831591146882869375e+14 1.832386826317049786e-15
1.896039187526790000e+14 1.929944826314237020e-15
1.962754955851060000e+14 2.032696975100925118e-15
2.031818246195108750e+14 2.140919818890775700e-15
2.103311660614976250e+14 2.254904627755823226e-15
2.177320707678167500e+14 2.374958179553627566e-15
2.253933904734784375e+14 2.501403585592233110e-15
2.333242883787401562e+14 2.634581160255393417e-15
2.415342501085946562e+14 2.774849336927977470e-15
2.500330950579117812e+14 2.922585632687440080e-15
2.588309881357668438e+14 3.078187664357142316e-15
2.679384519230149688e+14 3.242074218656336250e-15
2.773663792576692500e+14 3.414686379327347119e-15
2.871260462630921875e+14 3.596488714272732986e-15
2.972291258346367500e+14 3.787970525898480034e-15
3.076877016008226875e+14 3.989647168027620714e-15
3.185142823757705000e+14 4.202061432929038991e-15
3.297218171201718750e+14 4.425785012194457002e-15
3.413237104286828125e+14 4.661420035395230275e-15
3.533338385622916250e+14 4.909600690660698439e-15
3.657665660447825625e+14 5.170994931538655779e-15
3.786367628432123125e+14 5.446306274733133703e-15
3.919598221528936250e+14 5.736275693556888808e-15
4.057516788081764375e+14 6.041683612194992978e-15
4.200288283410720625e+14 6.363352006147503090e-15
4.348083467104508750e+14 6.702146614502961691e-15
4.501079107254905625e+14 7.058979269998597710e-15
4.659458191877379375e+14 7.434810353137026625e-15
4.823410147770931875e+14 7.830651376964896418e-15
4.993131067079237500e+14 8.247567709470972962e-15
5.168823941823276875e+14 8.686681440928913609e-15
5.350698906686949375e+14 9.149174403904217299e-15
5.538973490345240000e+14 9.636291354051552527e-15
5.733872875635967500e+14 1.014934332026431214e-14
5.935630168886185000e+14 1.068971113319277538e-14
6.144486678715213750e+14 1.125884914162721936e-14
6.360692204648146250e+14 1.185828912674927442e-14
6.584505335884522500e+14 1.248964442478510556e-14
6.816193760579876250e+14 1.315461426915713546e-14
7.056034586009946250e+14 1.385498836382051355e-14
7.304314670000305000e+14 1.459265170009256796e-14
7.561330964018450000e+14 1.536958962994115552e-14
7.827390868337487500e+14 1.618789320938272646e-14
8.102812599697706250e+14 1.704976482637569246e-14
8.387925571904548750e+14 1.795752412835262731e-14
8.683070789818650000e+14 1.891361426534591561e-14
8.988601257209686250e+14 1.992060846551143624e-14
9.304882398960455000e+14 2.098121696074322799e-14
9.632292498127922500e+14 2.209829428102461950e-14
9.971223148382548750e+14 2.327484693714313677e-14
1.032207972236753750e+15 2.451404151244832525e-14
1.068528185653882250e+15 2.581921318543287908e-14
1.106126395306403750e+15 2.719387470606919466e-14
1.145047569938281250e+15 2.864172585006760384e-14
1.185338260604811750e+15 3.016666337649552998e-14
1.227046656349283750e+15 3.177279151556095568e-14
1.270222641838725250e+15 3.346443301478625773e-14
1.314917857027645250e+15 3.524614077330094143e-14
1.361185758921240750e+15 3.712271009557038674e-14
1.409081685511730250e+15 3.909919159753230338e-14
1.458662921964541250e+15 4.118090479988648193e-14
1.509988769133306250e+15 4.337345244511523200e-14
1.563120614485685250e+15 4.568273557676978230e-14
1.618122005524943000e+15 4.811496942161199729e-14
1.675058725794849000e+15 5.067670011734582941e-14
1.733998873559112500e+15 5.337482233097318792e-14
1.795012943249210000e+15 5.621659781518182339e-14
1.858173909778104500e+15 5.920967495271158419e-14
1.923557315820817250e+15 6.236210934130677105e-14
1.991241362165945000e+15 6.568238547464313942e-14
2.061307001246558250e+15 6.917943957759938102e-14
2.133838033962042250e+15 7.286268365731772566e-14
2.208921209906842750e+15 7.674203083479299125e-14
2.286646331125957500e+15 8.082792202516530954e-14
2.367106359521204000e+15 8.513135403852194131e-14
2.450397528036934500e+15 8.966390917684880966e-14
2.536619455757797000e+15 9.443778640677002364e-14
2.625875267056666500e+15 9.946583419199840413e-14
2.718271714934887500e+15 1.047615850738430843e-13
2.813919308702464500e+15 1.103392920928507220e-13
2.912932446151097500e+15 1.162139671496170663e-13
3.015429550377693000e+15 1.224014214079875802e-13
3.121533211422562500e+15 1.289183078494209396e-13
3.231370332891256000e+15 1.357821660930210434e-13
3.345072283735558000e+15 1.430114696018753700e-13
3.462775055375390500e+15 1.506256754027649766e-13
3.584619424349011500e+15 1.586452764530287096e-13
3.710751120686716500e+15 1.670918567955647759e-13
3.841321002208869500e+15 1.759881496503795809e-13
3.976485234957022000e+15 1.853580985990502999e-13
4.116405479973859500e+15 1.952269220267709386e-13
4.261249086655264000e+15 2.056211809954128377e-13
4.411189292906011000e+15 2.165688507302940517e-13
4.566405432338164000e+15 2.280993959130340958e-13
4.727083148760215000e+15 2.402438499831541167e-13
4.893414618213449000e+15 2.530348986618524288e-13
5.065598778820960000e+15 2.665069679227415458e-13
5.243841568724663000e+15 2.806963166463462153e-13
5.428356172394070000e+15 2.956411342076703477e-13
5.619363275602429000e+15 3.113816432595600222e-13
5.817091329374370000e+15 3.279602079884310945e-13
6.021776823221044000e+15 3.454214481337444605e-13
6.233664567989926000e+15 3.638123590781345925e-13
6.453007988666616000e+15 3.831824383313216476e-13
6.680069427480054000e+15 4.035838187483304584e-13
6.915120457672700000e+15 4.250714088404799988e-13
7.158442208311298000e+15 4.477030405568034307e-13
7.410325700527160000e+15 4.715396249336853117e-13
7.671072195586989000e+15 4.966453160315233557e-13
7.940993555211968000e+15 5.230876835997745712e-13
8.220412614574893000e+15 5.509378949349827452e-13
8.509663568422107000e+15 5.802709064213040646e-13
8.809092370781874000e+15 6.111656652690328723e-13
9.119057148737042000e+15 6.437053219940582867e-13
9.439928630757676000e+15 6.779774542102141611e-13
9.772090590104468000e+15 7.140743023366744254e-13
1.011594030383508200e+16 7.520930178549792732e-13
1.047188902796086600e+16 7.921359247836840561e-13
1.084036248932334800e+16 8.343107950744918155e-13
1.122180139477771400e+16 8.787311386709477502e-13
1.161666195829356400e+16 9.255165090105099947e-13
1.202541644660223000e+16 9.747928247920985175e-13
1.244855374404421800e+16 1.026692708875244969e-12
1.288657993729142200e+16 1.081355845222842915e-12
1.334001892064385800e+16 1.138929354848233508e-12
1.380941302262545600e+16 1.199568191778520704e-12
1.429532365462730600e+16 1.263435560099693902e-12
1.479833198237521200e+16 1.330703353206128921e-12
1.531903962102354600e+16 1.401552616436526801e-12
1.585806935470729800e+16 1.476174034341503594e-12
1.641606588141353400e+16 1.554768443894348629e-12
1.699369658406197600e+16 1.637547375026056920e-12
1.759165232871819200e+16 1.724733619939609446e-12
1.821064829089278000e+16 1.816561832735580972e-12
1.885142481091542000e+16 1.913279160962986162e-12
1.951474827940763600e+16 2.015145910795255089e-12
2.020141205391187600e+16 2.122436247621385449e-12
2.091223740777473600e+16 2.235438933938068403e-12
2.164807451241766000e+16 2.354458106528539302e-12
2.240980345417066000e+16 2.479814095019946658e-12
2.319833528688614400e+16 2.611844284022479751e-12
2.401461312159012800e+16 2.750904021170349071e-12
2.485961325447581200e+16 2.897367573508816323e-12
2.573434633458686400e+16 3.051629134801015785e-12
2.663985857258778400e+16 3.214103886465747595e-12
2.757723299206800000e+16 3.385229115001863903e-12
2.854759072487579600e+16 3.565465388906587427e-12
2.955209235202875600e+16 3.755297798254873378e-12
3.059193929181018000e+16 3.955237260277066863e-12
3.166837523670476000e+16 4.165821894447439875e-12
3.278268764089798400e+16 4.387618470785597746e-12
3.393620926011618400e+16 4.621223935268371139e-12
3.513031974564608000e+16 4.867267016457092718e-12
3.636644729444704000e+16 5.126409917665723653e-12
3.764607035732154400e+16 5.399350099222508453e-12
3.897071940719364800e+16 5.686822155623322666e-12
4.034197876960759200e+16 5.989599792628386232e-12
4.176148851763475200e+16 6.308497909623215711e-12
4.323094643345635200e+16 6.644374792848577939e-12
4.475211003896999200e+16 6.998134425402719747e-12
4.632679869784523200e+16 7.370728920232314543e-12
4.795689579154579200e+16 7.763161082661056862e-12
4.964435097191755200e+16 8.176487109351969075e-12
5.139118249303789600e+16 8.611819430967714748e-12
5.319947962511780800e+16 9.070329706180281980e-12
5.507140515333956000e+16 9.553251975087161976e-12
5.700919796462312800e+16 1.006188598052222480e-11
5.901517572541058400e+16 1.059760066619915329e-11
6.109173765367344800e+16 1.116183786110293961e-11
6.324136738846076800e+16 1.175611616004629796e-11
6.546663596041530400e+16 1.238203501083393543e-11
6.777020486681568800e+16 1.304127901903624608e-11
7.015482925481712000e+16 1.373562248195697003e-11
7.262336121670041600e+16 1.446693416399817758e-11
7.517875320107348800e+16 1.523718232627594390e-11
7.782406154409961600e+16 1.604844002402192258e-11
8.056245012498187200e+16 1.690289068602994301e-11
8.339719415006966400e+16 1.780283399116250601e-11
8.633168407011601600e+16 1.875069205773391933e-11
8.936942963537457600e+16 1.974901596242964107e-11
9.251406409337948800e+16 2.080049260630460447e-11
9.576934853443585600e+16 2.190795194634210442e-11
9.913917639001092800e+16 2.307437461203403296e-11
1.026275780894096000e+17 2.430289992748270075e-11
1.062387258803070400e+17 2.559683436061639846e-11
1.099769388189022720e+17 2.695966042225833904e-11
1.138466879356508800e+17 2.839504603899643798e-11
1.178526015827774720e+17 2.990685442508815216e-11
1.219994709699367040e+17 3.149915447995988975e-11
1.262922558946664640e+17 3.317623173929340035e-11
1.307360906744773760e+17 3.494259990916940948e-11
1.353362902876702240e+17 3.680301301431037245e-11
1.400983567302293600e+17 3.876247819311949835e-11
1.450279855964011200e+17 4.082626917395511438e-11
1.501310728908171200e+17 4.299994046890644367e-11
1.554137220803207360e+17 4.528934232327642085e-11
1.608822513939200000e+17 4.770063646100220469e-11
1.665432013796027840e+17 5.024031266839264237e-11
1.724033427270594240e+17 5.291520626081969701e-11
1.784696843656564800e+17 5.573251647936813128e-11
1.847494818473600000e+17 5.869982586696247859e-11
1.912502460246211200e+17 6.182512067611411191e-11
1.979797520336091520e+17 6.511681236321677627e-11
2.049460485935446080e+17 6.858376022724469586e-11
2.121574676332394880e+17 7.223529525377608340e-11
2.196226342563737600e+17 7.608124522852355802e-11
2.273504770574114240e+17 8.013196118795484802e-11
2.353502388005005440e+17 8.439834527819594421e-11
2.436314874741406080e+17 8.889188009720259062e-11
2.522041277348201280e+17 9.362465959916208907e-11
2.610784127533301120e+17 9.860942164431172756e-11
2.702649564779034560e+17 1.038595822817691058e-10
2.797747463288550720e+17 1.093892718576469369e-10
2.896191563399185280e+17 1.152133730456420789e-10
2.998099607619747840e+17 1.213475609024418086e-10
3.103593481454657920e+17 1.278083450557663362e-10
3.212799359183130880e+17 1.346131141385790822e-10
3.325847854767875840e+17 1.417801825890614630e-10
3.442874178073905280e+17 1.493288399423171469e-10
3.564018296584243840e+17 1.572794027464674327e-10
3.689425102805624960e+17 1.656532692428427905e-10
3.819244587565113600e+17 1.744729769574852420e-10
3.953632019404054400e+17 1.837622633589059791e-10
4.092748130284640640e+17 1.935461297454025657e-10
4.236759307830939520e+17 2.038509085338644933e-10
4.385837794333941760e+17 2.147043341311435926e-10
4.540161892759506560e+17 2.261356175787935293e-10
4.699916180004554880e+17 2.381755251720045765e-10
4.865291727657452160e+17 2.508564612643917838e-10
5.036486330526238720e+17 2.642125554814723335e-10
5.213704743207909760e+17 2.782797545775500611e-10
5.397158924981825280e+17 2.930959191832394574e-10
5.587068293320378240e+17 3.087009257040376290e-10
5.783659986319699200e+17 3.251367736441587266e-10
5.987169134364727040e+17 3.424476986445228416e-10
6.197839141353100800e+17 3.606802915390907518e-10
6.415921975814434560e+17 3.798836237499918548e-10
6.641678472273441280e+17 4.001093793589590193e-10
6.875378643216833280e+17 4.214119942104848402e-10
7.117302002037653760e+17 4.438488024211314444e-10
7.367737897342744320e+17 4.674801906892590415e-10
7.626985859023450880e+17 4.923697608205094967e-10
7.895355956503783680e+17 5.185845009064946906e-10
8.173169169593918720e+17 5.461949656173495448e-10
8.460757772393226240e+17 5.752754660934477404e-10
8.758465730701329920e+17 6.059042699472988165e-10
9.066649113412808960e+17 6.381638119139348557e-10
9.385676518387976960e+17 6.721409157167811168e-10
9.715929513308377600e+17 7.079270277460651373e-10
1.005780309204500224e+18 7.456184631787683652e-10
1.041170614708432256e+18 7.853166652024502474e-10
1.077806195857750912e+18 8.271284780406573533e-10
1.115730870059819648e+18 8.711664345147916130e-10
1.154989996521348864e+18 9.175490589162953258e-10
1.195630530499585024e+18 9.664011860044037463e-10
1.237701079462385664e+18 1.017854296987912460e-09
1.281251961224392960e+18 1.072046873395278371e-09
1.326335264128877568e+18 1.129124769785510491e-09
1.373004909347210752e+18 1.189241606302943814e-09
1.421316715370353664e+18 1.252559182132272198e-09
1.471328464769769216e+18 1.319247910966952800e-09
1.523099973307272704e+18 1.389487279662589934e-09
1.576693161476760320e+18 1.463466331310083383e-09
1.632172128563277056e+18 1.541384174028557634e-09
1.689603229307862272e+18 1.623450516847249747e-09
1.749055153270192896e+18 1.709886234119089101e-09
1.810599006983552000e+18 1.800923959984485692e-09
1.874308399000710912e+18 1.896808714485733078e-09
1.940259527932305408e+18 1.997798563016980050e-09
2.008531273582952960e+18 2.104165310884535846e-09
2.079205291294160640e+18 2.216195234846917644e-09
2.152366109606950912e+18 2.334189853603673690e-09
2.228101231360854272e+18 2.458466739306423992e-09
2.306501238350348800e+18 2.589360372276501584e-09
2.387659899663750656e+18 2.727223041229302385e-09
2.471674283834207744e+18 2.872425791428350499e-09
2.558644874937040896e+18 3.025359423321123423e-09
2.648675692772090368e+18 3.186435544344062232e-09
2.741874417275019264e+18 3.356087676727944960e-09
2.838352517306155008e+18 3.534772424284821435e-09
2.938225383971012096e+18 3.722970701316979723e-09
3.041612468632061440e+18 3.921189026955664535e-09
3.148637425776599552e+18 4.129960888412742674e-09
3.259428260911814656e+18 4.349848176814811997e-09
3.374117483663704576e+18 4.581442699483732057e-09
3.492842266263059968e+18 4.825367772733927513e-09
3.615744607608224256e+18 5.082279899473661171e-09
3.742971503100569600e+18 5.352870536124816274e-09
3.874675120456112128e+18 5.637867953617316095e-09
4.011012981703250432e+18 5.938039197466256504e-09
4.152148151584423424e+18 6.254192152207366364e-09
4.298249432587213312e+18 6.587177715747490704e-09
4.449491566837824000e+18 6.937892089481402755e-09
4.606055445098742272e+18 7.307279190339391719e-09
4.768128323120209920e+18 7.696333191256616782e-09
4.935904045604418560e+18 8.106101196902042268e-09
5.109583278050472960e+18 8.537686061868832551e-09
5.289373746757313536e+18 8.992249358910953326e-09
5.475490487271184384e+18 9.471014505213473459e-09
5.668156101575829504e+18 9.975270055113307162e-09
5.867601024331778048e+18 1.050637316812926677e-08
6.074063798484195328e+18 1.106575326163799071e-08
6.287791360568502272e+18 1.165491585802554250e-08
6.509039336054825984e+18 1.227544663666844919e-08
6.738072345084687360e+18 1.292901570165011899e-08
6.975164318965892096e+18 1.361738207669973809e-08
7.220598827803625472e+18 1.434239843944979678e-08
7.474669419660167168e+18 1.510601610775568835e-08
7.737679971648302080e+18 1.591029029149606359e-08
8.009945053378603008e+18 1.675738562398923991e-08
8.291790303195619328e+18 1.764958198791421791e-08
8.583552817652340736e+18 1.858928065141423684e-08
8.885581554689402880e+18 1.957901073089968707e-08
9.198237751000583168e+18 2.062143599794243770e-08
9.521895354084085760e+18 2.171936204858247835e-08
9.856941469496741888e+18 2.287574385434394005e-08
1.020377682384533709e+19 2.409369371528085208e-08
1.056281624406957875e+19 2.537648963646025755e-08
1.093448915358913741e+19 2.672758415042432559e-08
1.131924008590856397e+19 2.815061360937785347e-08
1.171752921629479731e+19 2.964940797211162950e-08
1.212983291216234906e+19 3.122800111199949105e-08
1.255664430282528768e+19 3.289064167381520706e-08
1.299847386929658880e+19 3.464180450858616023e-08
1.345585005484065382e+19 3.648620271726082089e-08
1.392931989700982170e+19 3.842880033560718763e-08
1.441944968191976653e+19 4.047482569447818807e-08
1.492682562154738893e+19 4.262978549140628961e-08
1.545205455486017536e+19 4.489947961139537702e-08
1.599576467361607680e+19 4.729001673680062916e-08
1.655860627370256384e+19 4.980783078831155154e-08
1.714125253291314176e+19 5.245969824128604119e-08
1.774440031609007104e+19 5.525275636403451811e-08
1.836877100859963392e+19 5.819452242715562410e-08
1.901511137913271501e+19 6.129291393560519108e-08
1.968419447286607053e+19 6.455626993796713104e-08
2.037682053605130650e+19 6.799337347027271404e-08
2.109381797313560576e+19 7.161347519476515113e-08
2.183604433756308685e+19 7.542631829725075980e-08
2.260438735743686246e+19 7.944216471002199670e-08
2.339976599727267430e+19 8.367182273094915896e-08
2.422313155711226675e+19 8.812667611306677022e-08
2.507546881031041024e+19 9.281871470294337885e-08
2.595779718135706419e+19 9.776056671029778012e-08
2.687117196514451456e+19 1.029655326957196235e-07
2.781668558913570816e+19 1.084476213679575388e-07
2.879546891994551910e+19 1.142215872871320321e-07
2.980869261589545370e+19 1.203029705753356803e-07
3.085756852716053709e+19 1.267081387415040205e-07
3.194335114518421914e+19 1.334543307331316901e-07
3.306733910309255168e+19 1.405597033333827884e-07
3.423087672890457293e+19 1.480433800284826207e-07
3.543535565339409203e+19 1.559255024768983787e-07
3.668221647452707226e+19 1.642272847188394374e-07
3.797295048046686208e+19 1.729710702719888273e-07
3.930910143320522752e+19 1.821803922671140105e-07
4.069226741495542579e+19 1.918800367854283666e-07
4.212410273951253299e+19 2.020961095681470684e-07
4.360631993086863770e+19 2.128561062777918908e-07
4.514069177145103974e+19 2.241889865003584279e-07
4.672905342242991309e+19 2.361252516874926132e-07
4.837330461863493632e+19 2.486970272484774977e-07
5.007541194070240461e+19 2.619381490129452415e-07
5.183741116717202637e+19 2.758842542970337343e-07
5.366140970934884762e+19 2.905728778181020021e-07
5.554958913183834931e+19 3.060435527161178380e-07
5.750420776177364173e+19 3.223379169536424965e-07
5.952760338985107456e+19 3.394998253807435231e-07
6.162219606640683418e+19 3.575754677664622442e-07
6.379049099588074701e+19 3.766134931145274841e-07
6.603508153312800768e+19 3.966651405978896047e-07
6.835865228515665510e+19 4.177843774644226809e-07
7.076398232201351168e+19 4.400280442850684110e-07
7.325394850064319283e+19 4.634560079352067642e-07
7.583152890570889626e+19 4.881313227211052426e-07
7.849980641148539699e+19 5.141204000850652647e-07
8.126197236907769856e+19 5.414931873459428474e-07
8.412133042339114189e+19 5.703233559562638627e-07
8.708130046439908966e+19 6.006884997824211902e-07
9.014542271745010893e+19 6.326703439417695459e-07
9.331736197750002483e+19 6.663549647586150842e-07
9.660091199233060045e+19 7.018330214310698159e-07
1.000000000000000000e+20 7.392000000323003855e-07
